Ticker,AGG,EFA,GLD,IWM,QQQ,SPY,TLT,VNQ
AGG,1.0,0.15679786079687566,0.3215294335298593,0.1195017006341497,0.10983874472875507,0.10491538823471112,0.8383907118109057,0.27491333123468886
EFA,0.15679786079687566,1.0,0.17138908086848936,0.7879937611049075,0.7535807732304692,0.8452242218860085,-0.1396028934180639,0.6551733700857783
GLD,0.3215294335298593,0.17138908086848936,1.0,0.07443017455193945,0.08049669846628753,0.06754828518128371,0.25819320857327727,0.1266353245761695
IWM,0.1195017006341497,0.7879937611049075,0.07443017455193945,1.0,0.7695834582075111,0.866500563647276,-0.1498390849818217,0.7108123623683995
QQQ,0.10983874472875507,0.7535807732304692,0.08049669846628753,0.7695834582075111,1.0,0.9333631289875025,-0.12042147356689206,0.5713140508914599
SPY,0.10491538823471112,0.8452242218860085,0.06754828518128371,0.866500563647276,0.9333631289875025,1.0,-0.17368650580169329,0.7156797687605285
TLT,0.8383907118109057,-0.1396028934180639,0.25819320857327727,-0.1498390849818217,-0.12042147356689206,-0.17368650580169329,1.0,0.037098503120597565
VNQ,0.27491333123468886,0.6551733700857783,0.1266353245761695,0.7108123623683995,0.5713140508914599,0.7156797687605285,0.037098503120597565,1.0
